10
10
10
10
10
10
10
10
10
10
10
10
10
10
10
10
10
10
10
10
10
10
10
10
10
10
10
10
10
10
10
10
4
4
6
7
7
10
9
3
4
4
5
8
4
4
4
4
7
7
7
7
7
7
7
7
7
7
4
4
8
8
8
8
13
9
9
9
9
8
8
10
9
4
7
9
8
11
9
10
9
10
9
9
8
9
9
13
9
8
7
4
4
4
8
7
4
8
8
7
8
8
4
8
8
4
4
7
4
12
8
8
8
8
5
6
4
8
7
11
8
7
7
5
3
5
8
10
7
10
4
7
7
13
7
7
4
12
9
4
14
10
7
10
10
4
4
7
7
5
7
13
4
13
6
4
12
10
7
8
4
4
7
7
7
7
3
7
4
10
5
7
8
4
10
7
5
7
4
4
4
7
7
4
4
4
5
7
11
11
11
8
9
9
9
9
9
9
13
9
8
8
8
8
4
4
4
4
9
9
10
10
10
10
10
8
10
9
9
9
9
8
9
8
8
8
8
8
8
8
12
7
8
8
8
8
4
4
4
4
8
8
8
8
8
8
8
7
8
8
8
8
8
7
8
7
